DATASET SUMMARY
============================================================
Shape: (3000, 11)

HEAD:
  income     debt  age  loan_amount  payment_history  credit_score  credit_utilization  num_credit_lines  late_payments  employment_length  default
42292.22 32026.40   54      7852.07                8         850.0              0.5334                 5              0                 21        0
21590.48 21620.23   52     10002.07                6         688.7              0.2160                 6              0                  1        0
52850.67 52906.91   40      7386.81                6         677.7              0.2025                 8              2                 22        0
58121.00  4521.13   58     15207.76                7         666.2              0.3171                 5              0                 11        0
13690.84 11094.98   56      5016.63                5         622.3              0.0899                 3              2                  1        1

DESCRIBE:
              income           debt         age   loan_amount  payment_history  credit_score  credit_utilization  num_credit_lines  late_payments  employment_length      default
count    3000.000000    3000.000000  3000.00000   3000.000000      3000.000000   3000.000000         3000.000000       3000.000000    3000.000000        3000.000000  3000.000000
mean    40674.734283   17189.440283    44.86600   9561.668630         5.529000    699.311833            0.283993          5.016000       0.792000          14.629333     0.220000
std     21625.158199   13934.231270    14.14374   6483.996849         2.868664     77.725905            0.159848          1.996766       0.892376           8.643736     0.414315
min      5859.350000     618.700000    21.00000    975.040000         1.000000    389.000000            0.007500          1.000000       0.000000           0.000000     0.000000
25%     25665.810000    8350.470000    33.00000   5343.467500         3.000000    646.750000            0.162575          4.000000       0.000000           7.000000     0.000000
50%     36311.160000   13483.225000    45.00000   7872.835000         6.000000    698.650000            0.264250          5.000000       1.000000          15.000000     0.000000
75%     49891.352500   21115.662500    57.00000  11907.602500         8.000000    753.475000            0.388050          6.000000       1.000000          22.000000     0.000000
max    177980.070000  149916.310000    69.00000  90716.490000        10.000000    850.000000            0.912500         13.000000       5.000000          29.000000     1.000000

MISSING VALUES:
income                0
debt                  0
age                   0
loan_amount           0
payment_history       0
credit_score          0
credit_utilization    0
num_credit_lines      0
late_payments         0
employment_length     0
default               0
